3708            
4               
12              
0               
1               
20              
17409           
0               
0               
0               
17413           
32              
2               
6               
0               
1               

// Volume Independent Parameters
1               
0               
0               
0               
0               
0               
0               
0               
0               
1               
20              
5               
10              
5000            
-96             
-65             
-39             
-10             
0               
-87             
-44             
-18             
-10             
-10             
1               
0               
32              
32              
32              
32              
32              
32              
32              
32              
32              
32              
32              
32              
32              
21              
21              
24              
27              
32              
38              
45              
52              
58              
63              
66              
65              
61              
57              
54              
54              
54              
53              
48              
44              
41              
40              
40              
40              
40              
40              
39              
39              
40              
41              
42              
43              
44              
45              
46              
46              
46              
44              
42              
40              
38              
35              
34              
33              
34              
34              
34              
35              
36              
36              
37              
37              
38              
38              
38              
37              
36              
36              
35              
34              
33              
32              
31              
30              
29              
29              
29              
28              
28              
28              
28              
28              
28              
29              
29              
29              
30              
30              
31              
32              
32              
33              
33              
34              
34              
34              
35              
35              
35              
35              
36              
36              
36              
37              
37              
38              
38              
39              
39              
40              
41              
42              
42              
43              
44              
45              
45              
46              
46              
46              
46              
46              
46              
45              
45              
44              
43              
42              
42              
41              
40              
39              
39              
38              
37              
37              
37              
36              
36              
36              
36              
35              
35              
35              
35              
34              
34              
33              
33              
32              
32              
31              
31              
30              
30              
30              
30              
29              
29              
29              
29              
29              
30              
30              
30              
31              
31              
32              
32              
32              
33              
33              
33              
33              
33              
33              
32              
32              
31              
30              
30              
29              
28              
27              
26              
25              
25              
24              
24              
23              
23              
23              
23              
22              
22              
22              
22              
23              
23              
23              
23              
24              
24              
24              
24              
23              
23              
23              
23              
22              
22              
21              
20              
19              
19              
18              
17              
16              
16              
15              
15              
14              
13              
13              
13              
12              
12              
11              
11              
11              
10              
10              
10              
9               
9               
9               
9               
8               
8               
8               
8               
8               
7               
7               
7               
7               
7               
7               
7               
7               
7               
7               
6               
6               
6               
6               
7               
7               
7               
7               
7               
7               
7               
6               
6               
6               
6               
6               
6               
6               
6               
6               
6               
6               
6               
6               
6               
6               
6               
6               
6               
6               
6               
6               
6               
6               
6               
6               
6               
5               
5               
5               
5               
5               
5               
5               
5               
5               
5               
4               
4               
4               
4               
4               
4               
4               
4               
3               
3               
3               
3               
3               
3               
3               
3               
3               
3               
3               
3               
3               
3               
3               
3               
3               
3               
3               
3               
4               
4               
4               
4               
4               
4               
4               
5               
5               
5               
5               
5               
6               
6               
6               
6               
6               
6               
6               
6               
7               
7               
7               
7               
7               
7               
7               
8               
8               
8               
8               
8               
8               
8               
8               
8               
8               
8               
8               
8               
8               
8               
8               
9               
9               
9               
9               
9               
9               
9               
10              
10              
10              
10              
10              
11              
11              
11              
11              
11              
11              
11              
12              
12              
12              
12              
12              
12              
13              
13              
13              
14              
14              
14              
14              
15              
15              
15              
15              
15              
15              
15              
15              
15              
15              
15              
15              
15              
15              
15              
15              
15              
15              
15              
15              
15              
15              
16              
16              
16              
16              
17              
17              
17              
18              
18              
18              
18              
18              
18              
18              
18              
18              
18              
18              
18              
17              
17              
17              
17              
17              
17              
18              
18              
18              
18              
19              
19              
20              
20              
20              
21              
21              
21              
21              
21              
21              
21              
21              
21              
21              
20              
20              
20              
19              
19              
19              
19              
19              
19              
19              
19              
19              
19              
20              
20              
21              
21              
21              
22              
22              
22              
22              
22              
22              
22              
22              
21              
21              
20              
19              
19              
18              
18              
17              
17              
16              
16              
16              
16              
16              
16              
15              
15              
15              
13              
13              
13              
12              
12              
11              
11              
10              
11              
13              
14              
15              
16              
17              
17              
21              
23              
20              
19              
21              
21              
18              
18              
17              
15              
14              
12              
11              
10              
10              
8               
7               
7               
7               
6               
6               
6               
4               
4               
4               
5               
6               
8               
12              
18              
22              
25              
25              
25              
25              
25              
25              
25              
25              
25              
25              
25              
25              
25              
25              
25              
25              
25              
16              
16              
32              
32              
32              
32              
32              
32              
32              
32              
32              
32              
32              
32              
32              
26              
29              
35              
41              
48              
54              
57              
54              
46              
40              
36              
34              
32              
31              
31              
32              
33              
34              
35              
35              
35              
37              
40              
43              
46              
50              
54              
59              
63              
66              
67              
69              
68              
66              
62              
57              
53              
48              
44              
41              
37              
34              
32              
30              
29              
29              
29              
29              
29              
30              
30              
31              
32              
33              
34              
35              
35              
36              
35              
35              
35              
34              
33              
33              
32              
32              
31              
31              
30              
30              
29              
29              
29              
29              
29              
30              
30              
30              
31              
31              
32              
32              
33              
33              
34              
34              
35              
35              
35              
36              
36              
36              
36              
37              
37              
37              
37              
37              
38              
38              
38              
39              
39              
39              
39              
40              
40              
40              
41              
41              
42              
42              
42              
42              
43              
43              
43              
43              
43              
43              
43              
44              
44              
44              
43              
43              
43              
43              
42              
42              
41              
40              
40              
39              
38              
38              
37              
36              
36              
36              
35              
35              
35              
36              
36              
36              
36              
37              
37              
37              
37              
37              
37              
37              
37              
36              
36              
36              
35              
35              
35              
35              
35              
34              
35              
35              
35              
35              
35              
35              
35              
35              
34              
34              
33              
32              
31              
31              
30              
29              
28              
26              
25              
24              
24              
23              
22              
22              
22              
21              
21              
21              
21              
20              
21              
21              
21              
21              
21              
21              
21              
21              
22              
21              
21              
21              
21              
20              
19              
19              
18              
18              
17              
17              
16              
16              
15              
15              
15              
14              
14              
14              
14              
14              
14              
13              
13              
13              
13              
13              
12              
12              
12              
12              
11              
11              
11              
10              
10              
10              
10              
10              
10              
10              
10              
10              
10              
10              
10              
10              
11              
11              
11              
11              
11              
11              
10              
10              
10              
10              
9               
9               
9               
9               
8               
8               
8               
8               
8               
8               
8               
8               
8               
8               
8               
8               
8               
7               
7               
7               
7               
7               
7               
6               
6               
6               
6               
5               
5               
5               
5               
5               
5               
4               
4               
4               
4               
4               
4               
4               
4               
4               
4               
4               
4               
4               
4               
4               
3               
3               
3               
3               
3               
3               
3               
3               
3               
3               
3               
3               
3               
4               
4               
4               
4               
4               
4               
4               
4               
5               
5               
5               
5               
6               
6               
6               
6               
7               
7               
7               
8               
8               
8               
8               
8               
8               
9               
9               
9               
9               
9               
9               
9               
10              
10              
10              
10              
11              
11              
11              
11              
12              
12              
12              
12              
12              
12              
12              
13              
13              
13              
13              
13              
13              
13              
13              
14              
14              
14              
14              
14              
14              
15              
15              
15              
15              
15              
16              
16              
16              
16              
16              
17              
17              
17              
17              
18              
18              
18              
18              
18              
18              
18              
18              
18              
18              
18              
18              
18              
18              
18              
18              
18              
18              
18              
18              
18              
18              
17              
17              
17              
17              
17              
17              
17              
17              
17              
17              
17              
16              
16              
16              
16              
16              
16              
16              
16              
16              
16              
17              
17              
17              
17              
17              
17              
17              
17              
17              
17              
18              
18              
18              
18              
18              
18              
18              
18              
17              
17              
17              
17              
17              
17              
17              
16              
16              
16              
16              
16              
16              
16              
16              
16              
16              
17              
17              
17              
17              
17              
18              
18              
18              
18              
18              
18              
17              
17              
17              
17              
16              
16              
16              
16              
16              
16              
15              
16              
16              
16              
16              
17              
18              
15              
15              
17              
17              
17              
18              
19              
19              
18              
18              
19              
20              
21              
26              
29              
32              
37              
45              
48              
49              
51              
46              
41              
43              
42              
37              
37              
36              
32              
29              
28              
25              
20              
18              
16              
12              
9               
7               
6               
4               
4               
5               
6               
7               
10              
13              
14              
14              
14              
14              
14              
14              
14              
14              
14              
14              
14              
14              
14              
14              
14              
14              
14              
21              
21              
32              
32              
32              
32              
32              
32              
32              
32              
32              
32              
32              
32              
32              
32              
32              
32              
32              
32              
32              
32              
32              
32              
32              
32              
32              
32              
32              
32              
32              
32              
32              
32              
32              
32              
32              
32              
32              
32              
32              
32              
32              
32              
32              
32              
32              
32              
32              
32              
32              
32              
32              
32              
32              
32              
32              
32              
32              
32              
32              
32              
32              
32              
32              
32              
32              
32              
32              
32              
32              
32              
32              
32              
32              
32              
32              
32              
32              
32              
32              
32              
32              
32              
32              
32              
32              
32              
32              
32              
32              
32              
32              
32              
32              
32              
32              
32              
32              
32              
32              
32              
32              
32              
32              
32              
32              
32              
32              
32              
32              
32              
32              
32              
32              
32              
32              
32              
32              
32              
32              
32              
32              
32              
32              
32              
32              
32              
32              
32              
32              
32              
32              
32              
32              
32              
32              
32              
32              
32              
32              
32              
32              
32              
32              
32              
32              
32              
32              
32              
32              
32              
32              
32              
32              
32              
32              
32              
32              
32              
32              
32              
32              
32              
32              
32              
32              
32              
32              
32              
32              
32              
32              
32              
32              
32              
32              
32              
32              
32              
32              
32              
32              
32              
32              
32              
32              
32              
32              
32              
32              
32              
32              
32              
32              
32              
32              
32              
32              
32              
32              
32              
32              
32              
32              
32              
32              
32              
32              
32              
32              
32              
32              
32              
32              
32              
32              
32              
32              
32              
32              
32              
32              
32              
32              
32              
32              
32              
32              
32              
32              
32              
32              
32              
32              
32              
32              
32              
32              
32              
32              
32              
32              
32              
32              
32              
32              
32              
32              
32              
32              
32              
32              
32              
32              
32              
32              
32              
32              
32              
32              
32              
32              
32              
32              
32              
32              
32              
32              
32              
32              
32              
32              
32              
32              
32              
32              
32              
32              
32              
32              
32              
32              
32              
32              
32              
32              
32              
32              
32              
32              
32              
32              
32              
32              
32              
32              
32              
32              
32              
32              
32              
32              
32              
32              
32              
32              
32              
32              
32              
32              
32              
32              
32              
32              
32              
32              
32              
32              
32              
32              
32              
32              
32              
32              
32              
32              
32              
32              
32              
32              
32              
32              
32              
32              
32              
32              
32              
32              
32              
32              
32              
32              
32              
32              
32              
32              
32              
32              
32              
32              
32              
32              
32              
32              
32              
32              
32              
32              
32              
32              
32              
32              
32              
32              
32              
32              
32              
32              
32              
32              
32              
32              
32              
32              
32              
32              
32              
32              
32              
32              
32              
32              
32              
32              
32              
32              
32              
32              
32              
32              
32              
32              
32              
32              
32              
32              
32              
32              
32              
32              
32              
32              
32              
32              
32              
32              
32              
32              
32              
32              
32              
32              
32              
32              
32              
32              
32              
32              
32              
32              
32              
32              
32              
32              
32              
32              
32              
32              
32              
32              
32              
32              
32              
32              
32              
32              
32              
32              
32              
32              
32              
32              
32              
32              
32              
32              
32              
32              
32              
32              
32              
32              
32              
32              
32              
32              
32              
32              
32              
32              
32              
32              
32              
32              
32              
32              
32              
32              
32              
32              
32              
32              
32              
32              
32              
32              
32              
32              
32              
32              
32              
32              
32              
32              
32              
32              
32              
32              
32              
32              
32              
32              
32              
32              
32              
32              
32              
32              
32              
32              
32              
32              
32              
32              
32              
32              
32              
32              
32              
32              
32              
32              
32              
32              
32              
32              
32              
32              
32              
32              
32              
32              
32              
32              
32              
32              
32              
32              
32              
32              
32              
32              
32              
32              
32              
32              
32              
32              
32              
32              
32              
32              
32              
32              
32              
32              
32              
32              
32              
32              
32              
32              
32              
32              
32              
32              
32              
32              
32              
32              
32              
32              
32              
32              
32              
32              
32              
32              
32              
32              
32              
32              
32              
32              
32              
32              
32              
32              
32              
32              
32              
32              
32              
32              
32              
32              
32              
32              
32              
32              
32              
32              
32              
32              
32              
32              
32              
32              
32              
32              
32              
32              
32              
32              
32              
32              
32              
32              
32              
32              
32              
32              
32              
32              
32              
32              
32              
32              
32              
32              
32              
32              
32              
32              
32              
32              
32              
32              
32              
32              
32              
32              
32              
32              
32              
32              
32              
32              
32              
32              
32              
32              
32              
32              
32              
32              
32              
32              
32              
32              
32              
32              
32              
32              
32              
32              
32              
32              
32              
32              
32              
32              
32              
32              
32              
32              
32              
32              
32              
32              
32              
32              
32              
32              
32              
32              
32              
32              
32              
32              
32              
32              
32              
32              
32              
32              
32              
32              
32              
32              
32              
32              
32              
32              
32              
32              
32              
32              
32              
32              
32              
32              
32              
32              
32              
32              
32              
32              
32              
32              
32              
32              
32              
32              
32              
32              
32              
32              
32              
32              
32              
32              
32              
32              
32              
32              
32              
32              
32              
32              
32              
32              
32              
32              
32              
32              
32              
32              
32              
32              
32              
32              
32              
32              
32              
32              
32              
32              
32              
32              
32              
32              
32              
32              
32              
32              
32              
32              
32              
32              
32              
32              
32              
32              
32              
32              
32              
32              
32              
32              
32              
32              
32              
32              
32              
32              
32              
32              
32              
32              
32              
32              
32              
32              
32              
32              
32              
32              
32              
32              
32              
32              
32              
32              
32              
32              
32              
32              
32              
32              
32              
32              
32              
32              
32              
32              
32              
32              
32              
32              
32              
32              
32              
32              
32              
32              
32              
32              
32              
32              
32              
32              
32              
32              
32              
32              
32              
32              
32              
32              
32              
32              
32              
32              
32              
32              
32              
32              
32              
32              
32              
32              
32              
32              
32              
32              
32              
32              
32              
32              
32              
32              
32              
32              
32              
32              
32              
32              
32              
32              
32              
32              
32              
32              
32              
32              
32              
32              
32              
32              
32              
32              
32              
32              
32              
32              
32              
32              
32              
32              
32              
32              
32              
32              
32              
32              
32              
32              
32              
32              
32              
32              
32              
32              
32              
32              
32              
32              
32              
32              
32              
32              
32              
32              
32              
32              
32              
32              
32              
32              
32              
32              
32              
32              
32              
32              
32              
32              
32              
32              
32              
32              
32              
32              
32              
32              
32              
32              
32              
32              
32              
32              
32              
32              
32              
32              
32              
32              
32              
32              
32              
32              
32              
32              
32              
32              
32              
32              
32              
32              
32              
32              
32              
32              
32              
32              
32              
32              
32              
32              
32              
32              
32              
32              
32              
32              
32              
32              
32              
32              
32              
32              
32              
32              
32              
32              
32              
32              
32              
32              
32              
32              
32              
32              
32              
32              
32              
32              
32              
32              
32              
32              
32              
32              
32              
32              
32              
32              
32              
32              
32              
32              
32              
32              
32              
32              
32              
32              
32              
32              
32              
32              
32              
32              
32              
32              
32              
32              
32              
32              
32              
32              
32              
32              
32              
32              
32              
32              
32              
32              
32              
32              
32              
32              
32              
32              
32              
32              
32              
32              
32              
32              
32              
32              
32              
32              
32              
32              
32              
32              
32              
32              
32              
32              
32              
32              
32              
32              
32              
32              
32              
32              
32              
32              
32              
32              
32              
32              
32              
32              
32              
32              
32              
32              
32              
32              
32              
32              
32              
32              
32              
32              
32              
32              
32              
32              
32              
32              
32              
32              
32              
32              
32              
32              
32              
32              
32              
32              
32              
32              
32              
32              
32              
32              
32              
32              
32              
32              
32              
32              
32              
32              
32              
32              
32              
32              
32              
32              
32              
32              
32              
32              
32              
32              
32              
32              
32              
32              
32              
32              
32              
32              
32              
32              
32              
32              
32              
32              
32              
32              
32              
32              
32              
32              
32              
32              
32              
32              
32              
32              
32              
32              
32              
32              
32              
32              
32              
32              
32              
32              
32              
0               
33              
32767           
30              
100             
50              
50              
-6              
-6              
-12             
-12             
0               
1               
100
0             
0               
0               
32767           
6               
-18             
12              
-74             
-71             
-77             
-82             
-87             
-90             
-94             
-96             
-97             
-99             
-101            
-102            
-102            
-104            
-105            
-105            
-106            
-107            
-106            
-106            
-106            
-105            
-106            
-108            
-108            
-107            
-107            
-108            
-109            
-110            
-110            
-108            
-110            
-109            
-109            
-109            
-110            
-110            
-109            
-109            
-110            
-110            
-111            
-111            
-111            
-110            
-111            
-110            
-110            
-111            
-111            
-110            
-110            
-110            
-112            
-111            
-111            
-111            
-112            
-111            
-112            
-111            
-111            
-111            
-111            
-112            
-112            
-111            
-111            
-111            
-112            
-111            
-112            
-112            
-111            
-111            
-111            
-110            
-112            
-112            
-111            
-110            
-111            
-112            
-112            
-111            
-111            
-112            
-111            
-112            
-112            
-112            
-112            
-112            
-111            
-112            
-112            
-111            
-113            
-112            
-112            
-111            
-111            
-112            
-113            
-113            
-112            
-112            
-112            
-112            
-112            
-113            
-112            
-112            
-112            
-113            
-112            
-112            
-113            
-112            
-111            
-112            
-111            
-112            
-113            
-112            
-112            
-113            
-112            
-112            
-112            
-112            
-111            
-112            
-112            
-113            
-112            
-112            
-112            
-112            
-112            
-111            
-112            
-113            
-112            
-112            
-112            
-112            
-112            
-111            
-113            
-112            
-113            
-112            
-112            
-113            
-112            
-112            
-112            
-112            
-112            
-112            
-112            
-113            
-112            
-113            
-113            
-112            
-112            
-112            
-113            
-113            
-113            
-112            
-112            
-112            
-111            
-112            
-114            
-112            
-111            
-112            
-111            
-109            
-111            
-112            
-113            
-112            
-112            
-112            
-112            
-113            
-113            
-112            
-112            
-112            
-110            
-112            
-113            
-113            
-110            
-111            
-112            
-112            
-111            
-111            
-112            
-112            
-112            
-112            
-112            
-112            
-112            
-111            
-112            
-113            
-113            
-111            
-111            
-112            
-112            
-112            
-111            
-112            
-112            
-111            
-111            
-112            
-112            
-112            
-111            
-111            
-111            
-111            
-112            
-111            
-112            
-112            
-112            
-112            
-112            
-112            
-112            
-111            
-112            
-112            
-112            
-111            
-111            
-111            
-112            
-112            
-112            
-112            
-112            
-111            
-111            
-111            
-111            
-111            
-112            
-110            
-111            
-111            
-111            
-111            
-110            
-111            
-111            
-111            
-111            
-111            
-111            
-111            
-110            
-110            
-110            
-109            
-110            
-111            
-110            
-110            
-110            
-109            
-109            
-108            
-109            
-109            
-109            
-109            
-109            
-109            
-108            
-109            
-109            
-110            
-109            
-108            
-108            
-108            
-108            
-109            
-108            
-107            
-106            
-107            
-107            
-108            
-107            
-107            
-108            
-107            
-108            
-107            
-107            
-107            
-106            
-106            
-107            
-107            
-109            
-110            
-109            
-108            
-109            
-110            
-109            
-109            
-108            
-108            
-108            
-108            
-107            
-107            
-110            
-110            
-110            
-110            
-110            
-110            
-110            
-111            
-110            
-109            
-110            
-111            
-110            
-110            
-111            
-112            
-112            
-112            
-112            
-111            
-111            
-110            
-111            
-111            
-111            
-111            
-111            
-111            
-111            
-112            
-111            
-111            
-112            
-113            
-112            
-112            
-111            
-112            
-112            
-112            
-112            
-112            
-113            
-112            
-113            
-112            
-113            
-112            
-112            
-112            
-111            
-112            
-112            
-112            
-112            
-112            
-112            
-113            
-112            
-112            
-112            
-113            
-113            
-112            
-112            
-112            
-112            
-112            
-112            
-112            
-112            
-113            
-113            
-112            
-111            
-112            
-112            
-112            
-112            
-112            
-112            
-112            
-112            
-113            
-113            
-113            
-113            
-112            
-112            
-113            
-112            
-112            
-113            
-113            
-112            
-113            
-113            
-113            
-112            
-112            
-112            
-113            
-113            
-113            
-113            
-112            
-112            
-112            
-113            
-113            
-112            
-112            
-113            
-113            
-113            
-112            
-112            
-113            
-112            
-112            
-113            
-112            
-113            
-112            
-112            
-112            
-113            
-112            
-113            
-113            
-113            
-112            
-112            
-112            
-112            
-113            
-113            
-112            
-112            
-111            
-112            
-113            
-113            
-113            
-113            
-113            
-112            
-112            
-112            
-113            
-113            
-112            
-112            
-112            
-112            
-111            
-112            
-113            
-112            
-112            
-112            
-113            
-113            
-112            
-112            
-113            
-112            
-113            
-114            
-112            
-113            
-113            
-113            
-112            
-113            
-114            
-115            
-115            
-117            
-74             
-70             
-78             
-81             
-86             
-91             
-95             
-97             
-98             
-98             
-99             
-101            
-103            
-103            
-105            
-104            
-106            
-107            
-107            
-106            
-106            
-106            
-108            
-107            
-107            
-108            
-109            
-109            
-109            
-109            
-110            
-109            
-109            
-110            
-110            
-110            
-109            
-110            
-110            
-110            
-110            
-111            
-110            
-110            
-111            
-110            
-111            
-110            
-110            
-110            
-110            
-110            
-110            
-112            
-112            
-111            
-111            
-110            
-111            
-111            
-111            
-111            
-111            
-112            
-112            
-112            
-112            
-111            
-110            
-111            
-111            
-111            
-111            
-111            
-111            
-112            
-112            
-112            
-112            
-112            
-111            
-111            
-111            
-111            
-111            
-111            
-111            
-111            
-112            
-111            
-112            
-112            
-112            
-112            
-112            
-112            
-112            
-113            
-112            
-112            
-111            
-112            
-112            
-112            
-113            
-113            
-112            
-113            
-112            
-112            
-112            
-112            
-112            
-112            
-112            
-111            
-111            
-111            
-113            
-112            
-113            
-112            
-112            
-113            
-112            
-112            
-112            
-112            
-113            
-112            
-112            
-112            
-112            
-112            
-112            
-112            
-111            
-112            
-113            
-113            
-111            
-112            
-112            
-112            
-112            
-112            
-112            
-112            
-112            
-112            
-112            
-112            
-112            
-112            
-112            
-112            
-111            
-113            
-113            
-113            
-113            
-112            
-112            
-112            
-112            
-112            
-112            
-113            
-112            
-112            
-112            
-113            
-113            
-112            
-112            
-111            
-112            
-112            
-111            
-111            
-111            
-112            
-113            
-112            
-112            
-113            
-112            
-112            
-111            
-112            
-112            
-111            
-107            
-112            
-113            
-111            
-109            
-110            
-112            
-112            
-111            
-112            
-112            
-112            
-112            
-111            
-112            
-112            
-112            
-110            
-112            
-112            
-112            
-112            
-112            
-113            
-112            
-111            
-111            
-112            
-113            
-113            
-112            
-112            
-113            
-112            
-111            
-112            
-112            
-112            
-111            
-112            
-112            
-113            
-112            
-112            
-113            
-112            
-112            
-112            
-112            
-112            
-112            
-111            
-112            
-112            
-112            
-111            
-112            
-113            
-112            
-111            
-112            
-112            
-113            
-112            
-112            
-111            
-112            
-112            
-111            
-111            
-111            
-111            
-111            
-111            
-112            
-111            
-111            
-111            
-111            
-112            
-111            
-110            
-111            
-111            
-111            
-111            
-111            
-110            
-111            
-111            
-111            
-111            
-110            
-110            
-110            
-111            
-110            
-110            
-110            
-110            
-110            
-110            
-110            
-109            
-109            
-110            
-110            
-109            
-109            
-110            
-110            
-110            
-109            
-109            
-108            
-108            
-108            
-110            
-109            
-108            
-108            
-109            
-109            
-108            
-108            
-107            
-107            
-107            
-107            
-108            
-106            
-106            
-106            
-107            
-106            
-107            
-106            
-107            
-108            
-107            
-106            
-107            
-107            
-106            
-106            
-106            
-108            
-108            
-109            
-108            
-108            
-109            
-109            
-108            
-109            
-109            
-110            
-110            
-111            
-110            
-109            
-110            
-110            
-110            
-110            
-110            
-110            
-110            
-110            
-110            
-111            
-111            
-111            
-111            
-111            
-111            
-112            
-111            
-112            
-110            
-111            
-111            
-111            
-111            
-111            
-111            
-112            
-111            
-111            
-112            
-112            
-111            
-111            
-112            
-111            
-112            
-112            
-112            
-112            
-112            
-112            
-112            
-112            
-112            
-111            
-112            
-111            
-112            
-112            
-111            
-112            
-112            
-112            
-112            
-112            
-113            
-112            
-111            
-112            
-111            
-112            
-113            
-112            
-112            
-112            
-112            
-112            
-112            
-112            
-112            
-112            
-112            
-112            
-112            
-113            
-113            
-112            
-113            
-113            
-112            
-112            
-113            
-112            
-111            
-112            
-113            
-112            
-113            
-112            
-112            
-113            
-113            
-112            
-112            
-113            
-113            
-112            
-113            
-113            
-113            
-113            
-113            
-113            
-111            
-112            
-112            
-112            
-113            
-112            
-112            
-111            
-112            
-112            
-113            
-112            
-112            
-112            
-112            
-112            
-112            
-112            
-113            
-113            
-113            
-113            
-112            
-112            
-112            
-113            
-113            
-113            
-112            
-113            
-112            
-112            
-112            
-113            
-112            
-112            
-112            
-112            
-112            
-112            
-113            
-112            
-113            
-113            
-113            
-112            
-112            
-113            
-112            
-113            
-113            
-112            
-113            
-114            
-114            
-115            
-116            
-118            
0               
0               
6               
0               
-15             
1               
0               
-12             
2344            
4687            
0               
-15             
-3              
-20             
1               
9830            
1638            
655             
0               
-20             
0               
-20             
300             
300             
0               
0               
0               
0               
32767           
0               
4               
10976           
0               
-96             
28642           
0               
0               
-13             
27000           
27000           
27000           
27000           
16384           
-12             
-18             
96              
440             
6826            
6826            
6826            
6826            
6826            
0               
1               
20              
-3              
-15             
-15             
1               
0               
-6              
-6              
1000            
1000            
3               
3               
0               
0               
300             
0               
100             
1               
0               
20              
0               
20              
1               
1536            
200             
100             
1536            
4000            
300             
0               
7000            
400             
2048            
6000            
300             
1536            
9500            
300             
-5632           
15500           
200             
0               
300             
200             
0               
1000            
100             
0               
20              
96              
0               
20              
96              
2               
0               
200             
100             
-16             
2000            
100             
-16             
0               
1               
20              
3               
0               
20              
0               
0               
500             
5000            
-96             
-24             
0               
0               
0               
-96             
-24             
0               
0               
0               
0               
0               
20              
2               
0               
20              
0               
0               
10000           
10000           
-96             
0               
0               
0               
0               
-96             
0               
0               
0               
0               
1               
0               
20              
2               
1               
20              
0               
0               
10000           
10000           
-96             
0               
0               
0               
0               
-96             
0               
0               
0               
0               
1               
0               
20              
2               
0               
20              
0               
0               
10000           
10000           
-96             
0               
0               
0               
0               
-96             
0               
0               
0               
0               
1               
0               
20              
2               
1               
20              
0               
0               
10000           
10000           
-96             
0               
0               
0               
0               
-96             
0               
0               
0               
0               
1               
0               
1               
20              
5               
0               
20              
0               
0               
50              
2000            
-96             
-72             
-45             
-9              
0               
-96             
-72             
-45             
-9              
-1              
1               
0               
1               
-1              
10              
0               
0               
90              
75              
100             
10              
10              
0               
0               
-20             
-20             
-96             
-20             
-6              
3               
50              
0               
10              
0               
0               
0               
0               
40              
22              
43              
0               
132             
0               
92              
0               
4               
4               
10              
0               
0               
1               
2               
1               
0               
0               
0               
0               
0               
-31             
0               
15              
96              
86              
6826            
6826            
6826            
6826            
6826            
6826            
6826            
6826            
6826            
6826            

// Volume 0
